Azerbaijan: [1982, 1983, 1984, 1985, 1986, 1987, 1988, 1989, 1990, 1991, 1992, 2010, 2011, 2012, 2013, 2014, 2015, 2016, 2017, 2018, 2019, 2020]
Armenia: [1982, 1983, 1984, 1985, 1986, 1987, 1988, 1989, 1990, 1991, 1992, 2010, 2011, 2012, 2013, 2014, 2015, 2016, 2017, 2018, 2019, 2020]
Turkey: [1964, 1965, 1966, 1967, 1968, 1969, 1970, 1971, 1972, 1973, 1974, 2006, 2007, 2008, 2009, 2010, 2011, 2012, 2013, 2014, 2015, 2016]
Syria: [2006, 2007, 2008, 2009, 2010, 2011, 2012, 2013, 2014, 2015, 2016]
Russia: [1982, 1983, 1984, 1985, 1986, 1987, 1988, 1989, 1990, 1991, 1992, 1998, 1999, 2000, 2001, 2002, 2003, 2004, 2005, 2006, 2007, 2008, 2012, 2013, 2014, 2015, 2016, 2017, 2018, 2019, 2020, 2021, 2022]
Ukraine: [2012, 2013, 2014, 2015, 2016, 2017, 2018, 2019, 2020, 2021, 2022]
Georgia: [1982, 1983, 1984, 1985, 1986, 1987, 1988, 1989, 1990, 1991, 1992, 1998, 1999, 2000, 2001, 2002, 2003, 2004, 2005, 2006, 2007, 2008]
US: [1951, 1952, 1953, 1954, 1955, 1956, 1957, 1958, 1959, 1960, 1961, 1979, 1980, 1981, 1982, 1983, 1984, 1985, 1986, 1987, 1988, 1989, 1990, 1991, 1992, 1993, 1994, 1995, 1996, 1997, 1998, 1999, 2000, 2001, 2002, 2003]
Iraq: [1970, 1971, 1972, 1973, 1974, 1975, 1976, 1977, 1978, 1979, 1980, 1981, 1982, 1983, 1984, 1985, 1986, 1987, 1988, 1989, 1990, 1993, 1994, 1995, 1996, 1997, 1998, 1999, 2000, 2001, 2002, 2003]
Afghanistan: [1969, 1970, 1971, 1972, 1973, 1974, 1975, 1976, 1977, 1978, 1979, 1991, 1992, 1993, 1994, 1995, 1996, 1997, 1998, 1999, 2000, 2001]
India: [1955, 1956, 1957, 1958, 1959, 1960, 1961, 1962, 1963, 1964, 1965, 1966, 1967, 1968, 1969, 1970, 1971, 1989, 1990, 1991, 1992, 1993, 1994, 1995, 1996, 1997, 1998, 1999]
Pakistan: [1955, 1956, 1957, 1958, 1959, 1960, 1961, 1962, 1963, 1964, 1965, 1966, 1967, 1968, 1969, 1970, 1971, 1989, 1990, 1991, 1992, 1993, 1994, 1995, 1996, 1997, 1998, 1999]
**Yugoslavia: [1989, 1990, 1991, 1992, 1993, 1994, 1995, 1996, 1997, 1998, 1999]
Ethiopia: [1967, 1968, 1969, 1970, 1971, 1972, 1973, 1974, 1975, 1976, 1977, 1988, 1989, 1990, 1991, 1992, 1993, 1994, 1995, 1996, 1997, 1998]
Eritrea: [1988, 1989, 1990, 1991, 1992, 1993, 1994, 1995, 1996, 1997, 1998]
Moldova: [1982, 1983, 1984, 1985, 1986, 1987, 1988, 1989, 1990, 1991, 1992]
Panama: [1979, 1980, 1981, 1982, 1983, 1984, 1985, 1986, 1987, 1988, 1989]
UK: [1972, 1973, 1974, 1975, 1976, 1977, 1978, 1979, 1980, 1981, 1982]
Argentina: [1972, 1973, 1974, 1975, 1976, 1977, 1978, 1979, 1980, 1981, 1982]
Iran: [1970, 1971, 1972, 1973, 1974, 1975, 1976, 1977, 1978, 1979, 1980]
Soviet_Union: [1969, 1970, 1971, 1972, 1973, 1974, 1975, 1976, 1977, 1978, 1979]
China: [1969, 1970, 1971, 1972, 1973, 1974, 1975, 1976, 1977, 1978, 1979]
Vietnam: [1968, 1969, 1970, 1971, 1972, 1973, 1974, 1975, 1976, 1977, 1978, 1979]
Cambodia: [1968, 1969, 1970, 1971, 1972, 1973, 1974, 1975, 1976, 1977, 1978]
Tanzania: [1968, 1969, 1970, 1971, 1972, 1973, 1974, 1975, 1976, 1977, 1978]
Uganda: [1968, 1969, 1970, 1971, 1972, 1973, 1974, 1975, 1976, 1977, 1978]
Chad: [1968, 1969, 1970, 1971, 1972, 1973, 1974, 1975, 1976, 1977, 1978]
Libya: [1968, 1969, 1970, 1971, 1972, 1973, 1974, 1975, 1976, 1977, 1978]
Somalia: [1967, 1968, 1969, 1970, 1971, 1972, 1973, 1974, 1975, 1976, 1977]
Cyprus: [1964, 1965, 1966, 1967, 1968, 1969, 1970, 1971, 1972, 1973, 1974]
Israel: [1957, 1958, 1959, 1960, 1961, 1962, 1963, 1964, 1965, 1966, 1967, 1968, 1969, 1970, 1971, 1972, 1973]
Egypt: [1957, 1958, 1959, 1960, 1961, 1962, 1963, 1964, 1965, 1966, 1967, 1968, 1969, 1970, 1971, 1972, 1973]
Cuba: [1951, 1952, 1953, 1954, 1955, 1956, 1957, 1958, 1959, 1960, 1961]

TYPE OF DATA:

Economics:                     Demographics:                                          Politics:
__________                     ________________                                       ______________
Gdp growth                     population change                                      Regime Type
GDP_Per_Capita                 fertility rate                                         Majority Religion
poverty_rate                   death rate                                             Had wars during last 10 years
inflation                      infant death rate                                      Ideology
Unemployment rate              Has Ethnic divison (majority is less than 80%)         
interest rate                  Has Religious division(majority is less than 80%)      
exchange rate                  Gender ratio
gas price                      average age
oil price                      life expectancy
Military spending as %GDP      Population size
urbanization 